400
40
400
0 0 1.000000
1 1 1.000000
2 2 1.000000
3 3 1.000000
4 4 1.000000
5 5 1.000000
6 6 1.000000
7 7 1.000000
8 8 1.000000
9 9 1.000000
10 10 1.000000
11 11 1.000000
12 12 1.000000
13 13 1.000000
14 14 1.000000
15 15 1.000000
16 16 1.000000
17 17 1.000000
18 18 1.000000
19 19 1.000000
20 20 1.000000
21 21 1.000000
22 22 1.000000
23 23 1.000000
24 24 1.000000
25 25 1.000000
26 26 1.000000
27 27 1.000000
28 28 1.000000
29 29 1.000000
30 30 1.000000
31 31 1.000000
32 32 1.000000
33 33 1.000000
34 34 1.000000
35 35 1.000000
36 36 1.000000
37 37 1.000000
38 38 1.000000
39 39 1.000000
40 16 1.000000
41 17 1.000000
42 18 1.000000
43 19 1.000000
44 16 1.000000
45 17 1.000000
46 18 1.000000
47 19 1.000000
48 16 1.000000
49 17 1.000000
50 18 1.000000
51 19 1.000000
52 0 1.000000
53 1 1.000000
54 2 1.000000
55 3 1.000000
56 12 1.000000
57 13 1.000000
58 14 1.000000
59 15 1.000000
60 0 1.000000
61 1 1.000000
62 2 1.000000
63 3 1.000000
64 36 1.000000
65 37 1.000000
66 38 1.000000
67 39 1.000000
68 36 1.000000
69 37 1.000000
70 38 1.000000
71 39 1.000000
72 4 1.000000
73 5 1.000000
74 6 1.000000
75 7 1.000000
76 12 1.000000
77 13 1.000000
78 14 1.000000
79 15 1.000000
80 4 1.000000
81 5 1.000000
82 6 1.000000
83 7 1.000000
84 16 1.000000
85 17 1.000000
86 18 1.000000
87 19 1.000000
88 24 1.000000
89 25 1.000000
90 26 1.000000
91 27 1.000000
92 16 1.000000
93 17 1.000000
94 18 1.000000
95 19 1.000000
96 16 1.000000
97 17 1.000000
98 18 1.000000
99 19 1.000000
100 16 1.000000
101 17 1.000000
102 18 1.000000
103 19 1.000000
104 16 1.000000
105 17 1.000000
106 18 1.000000
107 19 1.000000
108 16 1.000000
109 17 1.000000
110 18 1.000000
111 19 1.000000
112 20 1.000000
113 21 1.000000
114 22 1.000000
115 23 1.000000
116 16 1.000000
117 17 1.000000
118 18 1.000000
119 19 1.000000
120 36 1.000000
121 37 1.000000
122 38 1.000000
123 39 1.000000
124 36 1.000000
125 37 1.000000
126 38 1.000000
127 39 1.000000
128 28 1.000000
129 29 1.000000
130 30 1.000000
131 31 1.000000
132 32 1.000000
133 33 1.000000
134 34 1.000000
135 35 1.000000
136 32 1.000000
137 33 1.000000
138 34 1.000000
139 35 1.000000
140 24 1.000000
141 25 1.000000
142 26 1.000000
143 27 1.000000
144 24 1.000000
145 25 1.000000
146 26 1.000000
147 27 1.000000
148 0 1.000000
149 1 1.000000
150 2 1.000000
151 3 1.000000
152 4 1.000000
153 5 1.000000
154 6 1.000000
155 7 1.000000
156 8 1.000000
157 9 1.000000
158 10 1.000000
159 11 1.000000
160 12 1.000000
161 13 1.000000
162 14 1.000000
163 15 1.000000
164 28 1.000000
165 29 1.000000
166 30 1.000000
167 31 1.000000
168 28 1.000000
169 29 1.000000
170 30 1.000000
171 31 1.000000
172 32 1.000000
173 33 1.000000
174 34 1.000000
175 35 1.000000
176 24 1.000000
177 25 1.000000
178 26 1.000000
179 27 1.000000
180 32 1.000000
181 33 1.000000
182 34 1.000000
183 35 1.000000
184 20 1.000000
185 21 1.000000
186 22 1.000000
187 23 1.000000
188 24 1.000000
189 25 1.000000
190 26 1.000000
191 27 1.000000
192 20 1.000000
193 21 1.000000
194 22 1.000000
195 23 1.000000
196 0 1.000000
197 1 1.000000
198 2 1.000000
199 3 1.000000
200 36 1.000000
201 37 1.000000
202 38 1.000000
203 39 1.000000
204 36 1.000000
205 37 1.000000
206 38 1.000000
207 39 1.000000
208 24 1.000000
209 25 1.000000
210 26 1.000000
211 27 1.000000
212 24 1.000000
213 25 1.000000
214 26 1.000000
215 27 1.000000
216 16 1.000000
217 17 1.000000
218 18 1.000000
219 19 1.000000
220 24 1.000000
221 25 1.000000
222 26 1.000000
223 27 1.000000
224 16 1.000000
225 17 1.000000
226 18 1.000000
227 19 1.000000
228 16 1.000000
229 17 1.000000
230 18 1.000000
231 19 1.000000
232 28 1.000000
233 29 1.000000
234 30 1.000000
235 31 1.000000
236 24 1.000000
237 25 1.000000
238 26 1.000000
239 27 1.000000
240 16 1.000000
241 17 1.000000
242 18 1.000000
243 19 1.000000
244 24 1.000000
245 25 1.000000
246 26 1.000000
247 27 1.000000
248 12 1.000000
249 13 1.000000
250 14 1.000000
251 15 1.000000
252 12 1.000000
253 13 1.000000
254 14 1.000000
255 15 1.000000
256 32 1.000000
257 33 1.000000
258 34 1.000000
259 35 1.000000
260 4 1.000000
261 5 1.000000
262 6 1.000000
263 7 1.000000
264 4 1.000000
265 5 1.000000
266 6 1.000000
267 7 1.000000
268 12 1.000000
269 13 1.000000
270 14 1.000000
271 15 1.000000
272 0 1.000000
273 1 1.000000
274 2 1.000000
275 3 1.000000
276 20 1.000000
277 21 1.000000
278 22 1.000000
279 23 1.000000
280 8 1.000000
281 9 1.000000
282 10 1.000000
283 11 1.000000
284 0 1.000000
285 1 1.000000
286 2 1.000000
287 3 1.000000
288 8 1.000000
289 9 1.000000
290 10 1.000000
291 11 1.000000
292 16 1.000000
293 17 1.000000
294 18 1.000000
295 19 1.000000
296 36 1.000000
297 37 1.000000
298 38 1.000000
299 39 1.000000
300 36 1.000000
301 37 1.000000
302 38 1.000000
303 39 1.000000
304 16 1.000000
305 17 1.000000
306 18 1.000000
307 19 1.000000
308 16 1.000000
309 17 1.000000
310 18 1.000000
311 19 1.000000
312 16 1.000000
313 17 1.000000
314 18 1.000000
315 19 1.000000
316 28 1.000000
317 29 1.000000
318 30 1.000000
319 31 1.000000
320 32 1.000000
321 33 1.000000
322 34 1.000000
323 35 1.000000
324 16 1.000000
325 17 1.000000
326 18 1.000000
327 19 1.000000
328 16 1.000000
329 17 1.000000
330 18 1.000000
331 19 1.000000
332 36 1.000000
333 37 1.000000
334 38 1.000000
335 39 1.000000
336 36 1.000000
337 37 1.000000
338 38 1.000000
339 39 1.000000
340 36 1.000000
341 37 1.000000
342 38 1.000000
343 39 1.000000
344 28 1.000000
345 29 1.000000
346 30 1.000000
347 31 1.000000
348 16 1.000000
349 17 1.000000
350 18 1.000000
351 19 1.000000
352 16 1.000000
353 17 1.000000
354 18 1.000000
355 19 1.000000
356 16 1.000000
357 17 1.000000
358 18 1.000000
359 19 1.000000
360 32 1.000000
361 33 1.000000
362 34 1.000000
363 35 1.000000
364 32 1.000000
365 33 1.000000
366 34 1.000000
367 35 1.000000
368 0 1.000000
369 1 1.000000
370 2 1.000000
371 3 1.000000
372 20 1.000000
373 21 1.000000
374 22 1.000000
375 23 1.000000
376 20 1.000000
377 21 1.000000
378 22 1.000000
379 23 1.000000
380 8 1.000000
381 9 1.000000
382 10 1.000000
383 11 1.000000
384 36 1.000000
385 37 1.000000
386 38 1.000000
387 39 1.000000
388 20 1.000000
389 21 1.000000
390 22 1.000000
391 23 1.000000
392 16 1.000000
393 17 1.000000
394 18 1.000000
395 19 1.000000
396 16 1.000000
397 17 1.000000
398 18 1.000000
399 19 1.000000
